2001102   0
0120111   1    25    12    326
0020112   2
1013010   3
1101201   4    105    217    68    31
1111101   5    118    48    274
1120101   6
3200001   7
0012111   8
0100221   9
0001212   10
0211011   11    411
0110112   12    495
1010112   13
3011010   14    287
2112000   15
3201000   16
1200111   17    26    225
1122000   18    343
1011111   19    215    53    181
0113010   20
1011300   21
2000130   22
1111020   23    47
2012100   24
2100021   25    56    124
0120111   26    12    326
1010211   27    93    92    6    159
2010210   28    195
1111200   29    38    9    131    293
0111300   30    29
1011210   31    216    16
2021010   32
1121001   33    13
1211100   34    63    259
1121100   35    39    100    132    157
1021110   36    309
2110101   37    410
0120111   38    326
0112110   39    213    230
2002020   40    1
2002020   41
0010230   42
1200111   43    225
1211001   44    114
1112010   45    39    193    169    18    29
1121001   46
2200020   47
0103011   48
1111110   49    55    34    75    3    13    22    47    132    25
2110110   50    13
2003001   51
0102120   52    289
1110201   53    195    91
0112101   54    316
1201110   55    80    7    104    139    43    33
1221000   56    46
1212000   57    409
1101120   58    407
0111300   59
0012120   60
1010130   61
0102111   62
2110110   63
1020111   64
0210300   65
0121020   66
1111200   67    9    131    293
0121101   68    162    186    54
0111021   69    233
1111020   70
1003110   71
0320001   72
2011020   73    121
1121100   74    100    132    157
1130001   75
1111200   76    131    293
2111010   77
2020110   78
0231000   79
1011021   80    93    131    76
2100021   81    124
1021020   82    355
0111111   83    76
1112010   84    193    169    18    29
1000221   85    347
1030101   86    5    227
0111120   87    18    14    107    17    133    67
0301110   88    400
0210120   89    363
3010200   90
1030101   91    227
0003210   92    265
2010120   93    25    217    18    114
1111011   94    23    58    40    143    66
2211000   95    41
1102011   96
1211100   97    259
3002010   98
1110030   99    58    252
1110012   100
2120010   101
1221000   102
3003000   103
1111110   104    34    75    3    13    22    47    132    25
0111120   105    14    107    17    133    67
1011120   106    75
1111002   107
2111100   108    255    70    66
1101201   109    217    68    31
1110111   110    34    84    71    108    41
0211110   111    143
1020102   112
0202011   113    93
0000231   114
1002120   115    169    143    8
0220200   116    69
1111011   117    58    40    143    66
2010120   118    217    18    114
0111120   119    107    17    133    67
1010211   120    92    6    159
0111210   121
2010111   122    164    36
1111101   123    48    274
1020201   124
2110011   125
1001031   126
1120020   127
0201111   128    20    175
1001121   129    133    54
2102010   130
0011022   131
0101211   132    341
1103100   133
3111000   134    136    144
1201110   135    7    104    139    43    33
2211000   136
2210100   137
1111110   138    75    3    13    22    47    132    25
0112200   139    347
0201021   140
2011101   141    262
1201110   142    104    139    43    33
1110021   143
1110111   144    84    71    108    41
2020200   145
0120021   146
0200211   147    358
0201111   148    175
0021120   149
1201200   150    143
2001120   151    223    104
0011130   152    43
1220010   153
0022110   154    135
1000122   155
1101111   156    211    50    6    21
1110030   157    252
1211001   158
0111111   159
1201101   160    312
1210101   161    326
1010121   162
1121010   163    28    117    83
0030201   164
0021201   165    126    217
0131010   166
2201010   167
1120002   168
0010140   169
0113001   170
1111101   171    274
0121110   172    284
1011021   173    131    76
1121100   174    132    157
1111011   175    40    143    66
0001140   176
0211101   177
2001201   178
0112011   179    38    152
2201100   180    100
1011120   181
1220100   182    271
2000211   183
1130100   184    275    43
0220200   185
1001112   186    17
1101030   187
1120011   188    195    112
2011110   189    72    85
2100210   190
1121010   191    117    83
0210111   192
0110211   193
2011020   194
0011130   195
1100211   196    245
0013011   197
1301010   198
2210010   199
2001300   200
3000102   201
0212010   202    9
1001112   203
2100120   204    292
2100021   205
0202011   206
1111200   207    293
1102110   208    109    19    154
1013001   209
1131000   210    163
0212010   211
1010211   212    6    159
1111110   213    3    13    22    47    132    25
2001111   214
1111011   215    143    66
1111110   216    13    22    47    132    25
0112011   217    152
1010211   218    159
3101100   219    168
1021011   220    90
0122100   221    75
1022001   222
2010210   223
0211002   224
1012101   225
0111120   226    17    133    67
0310200   227
1110111   228    71    108    41
1111110   229    22    47    132    25
0121101   230    186    54
1200201   231
3010110   232    122
0221001   233
1011111   234    53    181
1022010   235    25    166    80
0120210   236
2100102   237
2012010   238
2101200   239    230
1001211   240    4
0202101   241
1110120   242    7    193    47
0111120   243    133    67
1001211   244
1210200   245    265
1201110   246    139    43    33
1011210   247    16
1110201   248    91
1110120   249    193    47
1012110   250    105    58    36    26    34
1111110   251    47    132    25
0112110   252    230
2100111   253
0211110   254
2011200   255    79    77
2200200   256
3001020   257
0200121   258
0013110   259    145
1022010   260    166    80
2011110   261    85
1001121   262    54
1011210   263
0102021   264    170
1000212   265
0201012   266    218
2110200   267
1200111   268
2300001   269
3111000   270    144
1301100   271
1120110   272    59    161
0112002   273
0220110   274
2200101   275
1010310   276
1112010   277    169    18    29
0010122   278
2020020   279
2201100   280
0230010   281    131
0021021   282    124
2101110   283    146    7
1002120   284    143    8
0101121   285    173
2010111   286    36
1011111   287    181
2101101   288    162
0022110   289
2200011   290
0021201   291    217
2020101   292
1201200   293
0111201   294    49
0210210   295
0122100   296
0002220   297
1111110   298    132    25
1110111   299    108    41
0102012   300
3011010   301
0111021   302
1010202   303
1011021   304    76
0121011   305    149
1121100   306    157
0201030   307
1121010   308    83
0311001   309    131
1021011   310
0210102   311
2002200   312
3001110   313
0020121   314
2111001   315
1001121   316
1102110   317    19    154
1030101   318
1100220   319
0202110   320    78
2121000   321    7
2010111   322
0201111   323
0110202   324
0120120   325
1101201   326    68    31
0103110   327    15
2121000   328
1300200   329
0123000   330
1120110   331    161
1101012   332
0110220   333
2011200   334    77
2010120   335    18    114
1102110   336    154
4001010   337
0311100   338
1110201   339
0212001   340    134
0102120   341
0103110   342
0111201   343
1200102   344
1021110   345
2011110   346
1210020   347    124
0101112   348    18
0310002   349
1000131   350    141
3011100   351
1211010   352
2010120   353    114
3010110   354
1012110   355    58    36    26    34
1211100   356
0003210   357
1111011   358    66
1001220   359
1200021   360
1122000   361
1300020   362
2111100   363    70    66
0120111   364
0000132   365
0101112   366
1101111   367    50    6    21
0013200   368
0112011   369
0112101   370
1210110   371    39
2101020   372
1131000   373
2001120   374    104
1012011   375
0111120   376    67
1010211   377
0102030   378
1003011   379
1011021   380
1021101   381
1022100   382
1120011   383    112
1020120   384
1201110   385    43    33
1021200   386
3101100   387
1011201   388
0022011   389    49
0022101   390
1121010   391
2130000   392
0002121   393
1101201   394    31
2201001   395
3012000   396    22
0011310   397
0202110   398
0100113   399
1201011   400    112
2100300   401
1112100   402
2011101   403
0013110   404
2011002   405
0021021   406
1110111   407    41
2002110   408
1110030   409
1210110   410
2011200   411
0230010   412
1012110   413    36    26    34
3111000   414
0002310   415
0121101   416    54
1101111   417    6    21
3012000   418
0221100   419    78
1310010   420
0020310   421
0211011   422
1101111   423    21
1111011   424
1101201   425
1022010   426    80
1002120   427    8
1201110   428    33
2101110   429    7
1111110   430    25
1002201   431
1000221   432
2111100   433    66
0102021   434
1002120   435
2101110   436
1021020   437
0022011   438
1000320   439
0311001   440
1100211   441
1110120   442    47
0111120   443
1101111   444
1111101   445
1112010   446    18    29
2110101   447
1110111   448
1012110   449    26    34
2101101   450
1012020   451
0210120   452
1220100   453
0121011   454
1111110   455
0121110   456
3200010   457
0101121   458
1130100   459    43
1101210   460    16
1201110   461
1000311   462
1121100   463
1112010   464    29
1101120   465
1212000   466
2010120   467
1011111   468
2101200   469
0121101   470
1210020   471
1201101   472
0101211   473
0212001   474
1012110   475    34
1101210   476
1110210   477
2001120   478
2101011   479
0102210   480
0110310   481
0112110   482
2100012   483
0201012   484
1011030   485
0112200   486
1210101   487
0301110   488
1110120   489
1102110   490
1000131   491
1120110   492
1112010   493
1001301   494
1120011   495
2100120   496
0221100   497
0131100   498
2111100   499
1111200   500
1020012   501
1130100   502
1103010   503
1002111   504
0200211   505
1022010   506
0110112   507
0021201   508
1012110   509
1210200   510
2000202   511
1201011   512
   513

2001102   0
0120111   1    25    12    326
0020112   2
1013010   3
1101201   4    105    217    68    31
1111101   5    118    48    274
1120101   6
3200001   7
0012111   8
0100221   9
0001212   10
0211011   11    411
0110112   12    495
1010112   13
3011010   14    287
2112000   15
3201000   16
1200111   17    26    225
1122000   18    343
1011111   19    215    53    181
0113010   20
1011300   21
2000130   22
1111020   23    47
2012100   24
2100021   25    56    124
0120111   26    12    326
1010211   27    93    92    6    159
2010210   28    195
1111200   29    38    9    131    293
0111300   30    29
1011210   31    216    16
2021010   32
1121001   33    13
1211100   34    63    259
1121100   35    39    100    132    157
1021110   36    309
2110101   37    410
0120111   38    326
0112110   39    213    230
2002020   40    1
2002020   41
0010230   42
1200111   43    225
1211001   44    114
1112010   45    39    193    169    18    29
1121001   46
2200020   47
0103011   48
1111110   49    55    34    75    3    13    22    47    132    25
2110110   50    13
2003001   51
0102120   52    289
1110201   53    195    91
0112101   54    316
1201110   55    80    7    104    139    43    33
1221000   56    46
1212000   57    409
1101120   58    407
0111300   59
0012120   60
1010130   61
0102111   62
2110110   63
1020111   64
0210300   65
0121020   66
1111200   67    9    131    293
0121101   68    162    186    54
0111021   69    233
1111020   70
1003110   71
0320001   72
2011020   73    121
1121100   74    100    132    157
1130001   75
1111200   76    131    293
2111010   77
2020110   78
0231000   79
1011021   80    93    131    76
2100021   81    124
1021020   82    355
0111111   83    76
1112010   84    193    169    18    29
1000221   85    347
1030101   86    5    227
0111120   87    18    14    107    17    133    67
0301110   88    400
0210120   89    363
3010200   90
1030101   91    227
0003210   92    265
2010120   93    25    217    18    114
1111011   94    23    58    40    143    66
2211000   95    41
1102011   96
1211100   97    259
3002010   98
1110030   99    58    252
1110012   100
2120010   101
1221000   102
3003000   103
1111110   104    34    75    3    13    22    47    132    25
0111120   105    14    107    17    133    67
1011120   106    75
1111002   107
2111100   108    255    70    66
1101201   109    217    68    31
1110111   110    34    84    71    108    41
0211110   111    143
1020102   112
0202011   113    93
0000231   114
1002120   115    169    143    8
0220200   116    69
1111011   117    58    40    143    66
2010120   118    217    18    114
0111120   119    107    17    133    67
1010211   120    92    6    159
0111210   121
2010111   122    164    36
1111101   123    48    274
1020201   124
2110011   125
1001031   126
1120020   127
0201111   128    20    175
1001121   129    133    54
2102010   130
0011022   131
0101211   132    341
1103100   133
3111000   134    136    144
1201110   135    7    104    139    43    33
2211000   136
2210100   137
1111110   138    75    3    13    22    47    132    25
0112200   139    347
0201021   140
2011101   141    262
1201110   142    104    139    43    33
1110021   143
1110111   144    84    71    108    41
2020200   145
0120021   146
0200211   147    358
0201111   148    175
0021120   149
1201200   150    143
2001120   151    223    104
0011130   152    43
1220010   153
0022110   154    135
1000122   155
1101111   156    211    50    6    21
1110030   157    252
1211001   158
0111111   159
1201101   160    312
1210101   161    326
1010121   162
1121010   163    28    117    83
0030201   164
0021201   165    126    217
0131010   166
2201010   167
1120002   168
0010140   169
0113001   170
1111101   171    274
0121110   172    284
1011021   173    131    76
1121100   174    132    157
1111011   175    40    143    66
0001140   176
0211101   177
2001201   178
0112011   179    38    152
2201100   180    100
1011120   181
1220100   182    271
2000211   183
1130100   184    275    43
0220200   185
1001112   186    17
1101030   187
1120011   188    195    112
2011110   189    72    85
2100210   190
1121010   191    117    83
0210111   192
0110211   193
2011020   194
0011130   195
1100211   196    245
0013011   197
1301010   198
2210010   199
2001300   200
3000102   201
0212010   202    9
1001112   203
2100120   204    292
2100021   205
0202011   206
1111200   207    293
1102110   208    109    19    154
1013001   209
1131000   210    163
0212010   211
1010211   212    6    159
1111110   213    3    13    22    47    132    25
2001111   214
1111011   215    143    66
1111110   216    13    22    47    132    25
0112011   217    152
1010211   218    159
3101100   219    168
1021011   220    90
0122100   221    75
1022001   222
2010210   223
0211002   224
1012101   225
0111120   226    17    133    67
0310200   227
1110111   228    71    108    41
1111110   229    22    47    132    25
0121101   230    186    54
1200201   231
3010110   232    122
0221001   233
1011111   234    53    181
1022010   235    25    166    80
0120210   236
2100102   237
2012010   238
2101200   239    230
1001211   240    4
0202101   241
1110120   242    7    193    47
0111120   243    133    67
1001211   244
1210200   245    265
1201110   246    139    43    33
1011210   247    16
1110201   248    91
1110120   249    193    47
1012110   250    105    58    36    26    34
1111110   251    47    132    25
0112110   252    230
2100111   253
0211110   254
2011200   255    79    77
2200200   256
3001020   257
0200121   258
0013110   259    145
1022010   260    166    80
2011110   261    85
1001121   262    54
1011210   263
0102021   264    170
1000212   265
0201012   266    218
2110200   267
1200111   268
2300001   269
3111000   270    144
1301100   271
1120110   272    59    161
0112002   273
0220110   274
2200101   275
1010310   276
1112010   277    169    18    29
0010122   278
2020020   279
2201100   280
0230010   281    131
0021021   282    124
2101110   283    146    7
1002120   284    143    8
0101121   285    173
2010111   286    36
1011111   287    181
2101101   288    162
0022110   289
2200011   290
0021201   291    217
2020101   292
1201200   293
0111201   294    49
0210210   295
0122100   296
0002220   297
1111110   298    132    25
1110111   299    108    41
0102012   300
3011010   301
0111021   302
1010202   303
1011021   304    76
0121011   305    149
1121100   306    157
0201030   307
1121010   308    83
0311001   309    131
1021011   310
0210102   311
2002200   312
3001110   313
0020121   314
2111001   315
1001121   316
1102110   317    19    154
1030101   318
1100220   319
0202110   320    78
2121000   321    7
2010111   322
0201111   323
0110202   324
0120120   325
1101201   326    68    31
0103110   327    15
2121000   328
1300200   329
0123000   330
1120110   331    161
1101012   332
0110220   333
2011200   334    77
2010120   335    18    114
1102110   336    154
4001010   337
0311100   338
1110201   339
0212001   340    134
0102120   341
0103110   342
0111201   343
1200102   344
1021110   345
2011110   346
1210020   347    124
0101112   348    18
0310002   349
1000131   350    141
3011100   351
1211010   352
2010120   353    114
3010110   354
1012110   355    58    36    26    34
1211100   356
0003210   357
1111011   358    66
1001220   359
1200021   360
1122000   361
1300020   362
2111100   363    70    66
0120111   364
0000132   365
0101112   366
1101111   367    50    6    21
0013200   368
0112011   369
0112101   370
1210110   371    39
2101020   372
1131000   373
2001120   374    104
1012011   375
0111120   376    67
1010211   377
0102030   378
1003011   379
1011021   380
1021101   381
1022100   382
1120011   383    112
1020120   384
1201110   385    43    33
1021200   386
3101100   387
1011201   388
0022011   389    49
0022101   390
1121010   391
2130000   392
0002121   393
1101201   394    31
2201001   395
3012000   396    22
0011310   397
0202110   398
0100113   399
1201011   400    112
2100300   401
1112100   402
2011101   403
0013110   404
2011002   405
0021021   406
1110111   407    41
2002110   408
1110030   409
1210110   410
2011200   411
0230010   412
1012110   413    36    26    34
3111000   414
0002310   415
0121101   416    54
1101111   417    6    21
3012000   418
0221100   419    78
1310010   420
0020310   421
0211011   422
1101111   423    21
1111011   424
1101201   425
1022010   426    80
1002120   427    8
1201110   428    33
2101110   429    7
1111110   430    25
1002201   431
1000221   432
2111100   433    66
0102021   434
1002120   435
2101110   436
1021020   437
0022011   438
1000320   439
0311001   440
1100211   441
1110120   442    47
0111120   443
1101111   444
1111101   445
1112010   446    18    29
2110101   447
1110111   448
1012110   449    26    34
2101101   450
1012020   451
0210120   452
1220100   453
0121011   454
1111110   455
0121110   456
3200010   457
0101121   458
1130100   459    43
1101210   460    16
1201110   461
1000311   462
1121100   463
1112010   464    29
1101120   465
1212000   466
2010120   467
1011111   468
2101200   469
0121101   470
1210020   471
1201101   472
0101211   473
0212001   474
1012110   475    34
1101210   476
1110210   477
2001120   478
2101011   479
0102210   480
0110310   481
0112110   482
2100012   483
0201012   484
1011030   485
0112200   486
1210101   487
0301110   488
1110120   489
1102110   490
1000131   491
1120110   492
1112010   493
1001301   494
1120011   495
2100120   496
0221100   497
0131100   498
2111100   499
1111200   500
1020012   501
1130100   502
1103010   503
1002111   504
0200211   505
1022010   506
0110112   507
0021201   508
1012110   509
1210200   510
2000202   511
1201011   512
   513

2001102   0
0120111   1    25    12    326
0020112   2
1013010   3
1101201   4    105    217    68    31
1111101   5    118    48    274
1120101   6
3200001   7
0012111   8
0100221   9
0001212   10
0211011   11    411
0110112   12    495
1010112   13
3011010   14    287
2112000   15
3201000   16
1200111   17    26    225
1122000   18    343
1011111   19    215    53    181
0113010   20
1011300   21
2000130   22
1111020   23    47
2012100   24
2100021   25    56    124
0120111   26    12    326
1010211   27    93    92    6    159
2010210   28    195
1111200   29    38    9    131    293
0111300   30    29
1011210   31    216    16
2021010   32
1121001   33    13
1211100   34    63    259
1121100   35    39    100    132    157
1021110   36    309
2110101   37    410
0120111   38    326
0112110   39    213    230
2002020   40    1
2002020   41
0010230   42
1200111   43    225
1211001   44    114
1112010   45    39    193    169    18    29
1121001   46
2200020   47
0103011   48
1111110   49    55    34    75    3    13    22    47    132    25
2110110   50    13
2003001   51
0102120   52    289
1110201   53    195    91
0112101   54    316
1201110   55    80    7    104    139    43    33
1221000   56    46
1212000   57    409
1101120   58    407
0111300   59
0012120   60
1010130   61
0102111   62
2110110   63
1020111   64
0210300   65
0121020   66
1111200   67    9    131    293
0121101   68    162    186    54
0111021   69    233
1111020   70
1003110   71
0320001   72
2011020   73    121
1121100   74    100    132    157
1130001   75
1111200   76    131    293
2111010   77
2020110   78
0231000   79
1011021   80    93    131    76
2100021   81    124
1021020   82    355
0111111   83    76
1112010   84    193    169    18    29
1000221   85    347
1030101   86    5    227
0111120   87    18    14    107    17    133    67
0301110   88    400
0210120   89    363
3010200   90
1030101   91    227
0003210   92    265
2010120   93    25    217    18    114
1111011   94    23    58    40    143    66
2211000   95    41
1102011   96
1211100   97    259
3002010   98
1110030   99    58    252
1110012   100
2120010   101
1221000   102
3003000   103
1111110   104    34    75    3    13    22    47    132    25
0111120   105    14    107    17    133    67
1011120   106    75
1111002   107
2111100   108    255    70    66
1101201   109    217    68    31
1110111   110    34    84    71    108    41
0211110   111    143
1020102   112
0202011   113    93
0000231   114
1002120   115    169    143    8
0220200   116    69
1111011   117    58    40    143    66
2010120   118    217    18    114
0111120   119    107    17    133    67
1010211   120    92    6    159
0111210   121
2010111   122    164    36
1111101   123    48    274
1020201   124
2110011   125
1001031   126
1120020   127
0201111   128    20    175
1001121   129    133    54
2102010   130
0011022   131
0101211   132    341
1103100   133
3111000   134    136    144
1201110   135    7    104    139    43    33
2211000   136
2210100   137
1111110   138    75    3    13    22    47    132    25
0112200   139    347
0201021   140
2011101   141    262
1201110   142    104    139    43    33
1110021   143
1110111   144    84    71    108    41
2020200   145
0120021   146
0200211   147    358
0201111   148    175
0021120   149
1201200   150    143
2001120   151    223    104
0011130   152    43
1220010   153
0022110   154    135
1000122   155
1101111   156    211    50    6    21
1110030   157    252
1211001   158
0111111   159
1201101   160    312
1210101   161    326
1010121   162
1121010   163    28    117    83
0030201   164
0021201   165    126    217
0131010   166
2201010   167
1120002   168
0010140   169
0113001   170
1111101   171    274
0121110   172    284
1011021   173    131    76
1121100   174    132    157
1111011   175    40    143    66
0001140   176
0211101   177
2001201   178
0112011   179    38    152
2201100   180    100
1011120   181
1220100   182    271
2000211   183
1130100   184    275    43
0220200   185
1001112   186    17
1101030   187
1120011   188    195    112
2011110   189    72    85
2100210   190
1121010   191    117    83
0210111   192
0110211   193
2011020   194
0011130   195
1100211   196    245
0013011   197
1301010   198
2210010   199
2001300   200
3000102   201
0212010   202    9
1001112   203
2100120   204    292
2100021   205
0202011   206
1111200   207    293
1102110   208    109    19    154
1013001   209
1131000   210    163
0212010   211
1010211   212    6    159
1111110   213    3    13    22    47    132    25
2001111   214
1111011   215    143    66
1111110   216    13    22    47    132    25
0112011   217    152
1010211   218    159
3101100   219    168
1021011   220    90
0122100   221    75
1022001   222
2010210   223
0211002   224
1012101   225
0111120   226    17    133    67
0310200   227
1110111   228    71    108    41
1111110   229    22    47    132    25
0121101   230    186    54
1200201   231
3010110   232    122
0221001   233
1011111   234    53    181
1022010   235    25    166    80
0120210   236
2100102   237
2012010   238
2101200   239    230
1001211   240    4
0202101   241
1110120   242    7    193    47
0111120   243    133    67
1001211   244
1210200   245    265
1201110   246    139    43    33
1011210   247    16
1110201   248    91
1110120   249    193    47
1012110   250    105    58    36    26    34
1111110   251    47    132    25
0112110   252    230
2100111   253
0211110   254
2011200   255    79    77
2200200   256
3001020   257
0200121   258
0013110   259    145
1022010   260    166    80
2011110   261    85
1001121   262    54
1011210   263
0102021   264    170
1000212   265
0201012   266    218
2110200   267
1200111   268
2300001   269
3111000   270    144
1301100   271
1120110   272    59    161
0112002   273
0220110   274
2200101   275
1010310   276
1112010   277    169    18    29
0010122   278
2020020   279
2201100   280
0230010   281    131
0021021   282    124
2101110   283    146    7
1002120   284    143    8
0101121   285    173
2010111   286    36
1011111   287    181
2101101   288    162
0022110   289
2200011   290
0021201   291    217
2020101   292
1201200   293
0111201   294    49
0210210   295
0122100   296
0002220   297
1111110   298    132    25
1110111   299    108    41
0102012   300
3011010   301
0111021   302
1010202   303
1011021   304    76
0121011   305    149
1121100   306    157
0201030   307
1121010   308    83
0311001   309    131
1021011   310
0210102   311
2002200   312
3001110   313
0020121   314
2111001   315
1001121   316
1102110   317    19    154
1030101   318
1100220   319
0202110   320    78
2121000   321    7
2010111   322
0201111   323
0110202   324
0120120   325
1101201   326    68    31
0103110   327    15
2121000   328
1300200   329
0123000   330
1120110   331    161
1101012   332
0110220   333
2011200   334    77
2010120   335    18    114
1102110   336    154
4001010   337
0311100   338
1110201   339
0212001   340    134
0102120   341
0103110   342
0111201   343
1200102   344
1021110   345
2011110   346
1210020   347    124
0101112   348    18
0310002   349
1000131   350    141
3011100   351
1211010   352
2010120   353    114
3010110   354
1012110   355    58    36    26    34
1211100   356
0003210   357
1111011   358    66
1001220   359
1200021   360
1122000   361
1300020   362
2111100   363    70    66
0120111   364
0000132   365
0101112   366
1101111   367    50    6    21
0013200   368
0112011   369
0112101   370
1210110   371    39
2101020   372
1131000   373
2001120   374    104
1012011   375
0111120   376    67
1010211   377
0102030   378
1003011   379
1011021   380
1021101   381
1022100   382
1120011   383    112
1020120   384
1201110   385    43    33
1021200   386
3101100   387
1011201   388
0022011   389    49
0022101   390
1121010   391
2130000   392
0002121   393
1101201   394    31
2201001   395
3012000   396    22
0011310   397
0202110   398
0100113   399
1201011   400    112
2100300   401
1112100   402
2011101   403
0013110   404
2011002   405
0021021   406
1110111   407    41
2002110   408
1110030   409
1210110   410
2011200   411
0230010   412
1012110   413    36    26    34
3111000   414
0002310   415
0121101   416    54
1101111   417    6    21
3012000   418
0221100   419    78
1310010   420
0020310   421
0211011   422
1101111   423    21
1111011   424
1101201   425
1022010   426    80
1002120   427    8
1201110   428    33
2101110   429    7
1111110   430    25
1002201   431
1000221   432
2111100   433    66
0102021   434
1002120   435
2101110   436
1021020   437
0022011   438
1000320   439
0311001   440
1100211   441
1110120   442    47
0111120   443
1101111   444
1111101   445
1112010   446    18    29
2110101   447
1110111   448
1012110   449    26    34
2101101   450
1012020   451
0210120   452
1220100   453
0121011   454
1111110   455
0121110   456
3200010   457
0101121   458
1130100   459    43
1101210   460    16
1201110   461
1000311   462
1121100   463
1112010   464    29
1101120   465
1212000   466
2010120   467
1011111   468
2101200   469
0121101   470
1210020   471
1201101   472
0101211   473
0212001   474
1012110   475    34
1101210   476
1110210   477
2001120   478
2101011   479
0102210   480
0110310   481
0112110   482
2100012   483
0201012   484
1011030   485
0112200   486
1210101   487
0301110   488
1110120   489
1102110   490
1000131   491
1120110   492
1112010   493
1001301   494
1120011   495
2100120   496
0221100   497
0131100   498
2111100   499
1111200   500
1020012   501
1130100   502
1103010   503
1002111   504
0200211   505
1022010   506
0110112   507
0021201   508
1012110   509
1210200   510
2000202   511
1201011   512
   513

 1 1 |  2 1 |      |      |  5 1 |      |  7 2 |      |  9 1 |      |  2 1 3| 5| 0|12579
     |      |  3 2 |  4 1 |      |  6 2 |      |      |      |  0 1 |  2 3 1| 4| 0|3460
     |  2 1 |  3 1 |      |  5 1 |      |      |  8 1 |      |  0 2 |  2 1 3| 5| 2|23580
     |  2 1 |      |      |  5 1 |  6 1 |  7 1 |      |  9 1 |  0 1 |  1 2 3| 6| 3|256790
 1 1 |  2 2 |      |  4 1 |      |  6 1 |  7 1 |      |      |      |  3 2 1| 5| 3|12467
     |  2 1 |      |      |  5 1 |  6 1 |      |  8 1 |  9 1 |  0 1 |  1 2 3| 6| 2|256890
 1 1 |      |      |      |  5 2 |  6 2 |      |      |  9 1 |      |  1 4 1| 4| 3|1569
     |      |  3 2 |      |      |      |      |  8 1 |  9 2 |  0 1 |  2 0 4| 4| 1|3890
     |      |      |  4 2 |      |  6 2 |      |  8 1 |  9 1 |      |  0 4 2| 4| 2|4689
 1 1 |      |  3 2 |      |      |      |      |  8 3 |      |      |  3 0 3| 3| 1|138
 1 1 |      |      |  4 2 |      |      |  7 1 |      |  9 2 |      |  1 2 3| 4| 1|1479
     |      |  3 1 |      |  5 1 |      |  7 1 |      |  9 2 |  0 1 |  1 1 4| 5| 2|35790
 1 2 |  2 1 |  3 2 |  4 1 |      |      |      |      |      |      |  5 1 0| 4| 1|1234
 1 1 |      |  3 1 |      |      |  6 1 |      |  8 1 |      |  0 2 |  2 1 3| 5| 2|13680
 1 1 |  2 1 |      |  4 2 |  5 1 |      |      |      |  9 1 |      |  2 3 1| 5| 1|12459
     |  2 1 |  3 2 |      |  5 1 |      |  7 1 |  8 1 |      |      |  3 1 2| 5| 2|23578
 1 1 |      |  3 1 |  4 1 |      |      |  7 3 |      |      |      |  2 1 3| 4| 2|1347
     |  2 1 |      |  4 1 |      |      |      |  8 3 |      |  0 1 |  1 1 4| 4| 1|2480
 1 1 |      |      |  4 1 |  5 1 |  6 1 |      |      |  9 1 |  0 1 |  1 3 2| 6| 2|145690
     |  2 1 |      |      |  5 1 |      |      |  8 1 |  9 2 |  0 1 |  1 1 4| 5| 3|25890
 1 1 |      |  3 1 |      |  5 1 |      |  7 1 |  8 1 |      |  0 1 |  2 1 3| 6| 3|135780
 1 1 |  2 1 |  3 1 |  4 1 |      |      |      |      |  9 1 |  0 1 |  3 1 2| 6| 3|123490
 1 3 |      |      |  4 1 |      |      |      |  8 1 |  9 1 |      |  3 1 2| 4| 3|1489
 1 1 |      |  3 1 |      |  5 2 |      |  7 1 |      |  9 1 |      |  2 2 2| 5| 2|13579
     |  2 1 |      |  4 1 |  5 1 |      |      |      |  9 3 |      |  1 2 3| 4| 2|2459
 1 1 |  2 2 |  3 1 |      |      |      |      |      |  9 1 |  0 1 |  4 0 2| 5| 2|12390
 1 1 |  2 1 |  3 2 |  4 1 |      |      |  7 1 |      |      |      |  4 1 1| 5| 3|12347
     |      |      |  4 2 |  5 1 |  6 2 |  7 1 |      |      |      |  0 5 1| 4| 2|4567
 1 1 |      |  3 2 |      |      |      |  7 1 |  8 1 |      |  0 1 |  3 0 3| 5| 1|13780
 1 1 |  2 1 |      |      |  5 1 |      |      |      |  9 1 |  0 2 |  2 1 3| 5| 2|12590
     |      |  3 1 |  4 2 |  5 1 |      |  7 1 |      |  9 1 |      |  1 3 2| 5| 2|34579
     |  2 1 |      |      |  5 1 |      |  7 1 |  8 1 |  9 1 |  0 1 |  1 1 4| 6| 3|257890
 1 1 |      |      |  4 1 |      |  6 2 |  7 1 |      |      |  0 1 |  1 3 2| 5| 2|14670
 1 1 |  2 1 |  3 1 |      |      |      |  7 2 |      |  9 1 |      |  3 0 3| 5| 2|12379
     |      |  3 1 |      |      |  6 1 |      |  8 1 |      |  0 3 |  1 1 4| 4| 1|3680
 1 1 |      |      |  4 1 |  5 1 |  6 1 |      |      |      |  0 2 |  1 3 2| 5| 2|14560
 1 2 |  2 1 |  3 1 |      |  5 1 |  6 1 |      |      |      |      |  4 2 0| 5| 3|12356
 1 1 |      |      |  4 1 |      |  6 1 |      |  8 1 |      |  0 2 |  1 2 3| 5| 2|14680
 1 1 |  2 1 |      |      |      |  6 2 |  7 1 |      |      |  0 1 |  2 2 2| 5| 3|12670
 1 1 |  2 1 |      |  4 1 |      |  6 1 |  7 1 |      |  9 1 |      |  2 2 2| 6| 4|124679
     |  2 1 |  3 1 |  4 1 |      |      |      |  8 1 |  9 1 |  0 1 |  2 1 3| 6| 3|234890
 1 1 |      |      |  4 1 |      |  6 1 |  7 2 |      |      |  0 1 |  1 2 3| 5| 2|14670
 1 1 |  2 2 |  3 1 |  4 1 |      |      |      |      |  9 1 |      |  4 1 1| 5| 2|12349
     |  2 1 |  3 3 |      |  5 1 |      |      |  8 1 |      |      |  4 1 1| 4| 2|2358
 1 2 |      |  3 1 |  4 1 |  5 1 |      |      |  8 1 |      |      |  3 2 1| 5| 3|13458
     |  2 1 |  3 1 |      |      |      |  7 2 |  8 1 |  9 1 |      |  2 0 4| 5| 2|23789
 1 2 |  2 1 |      |      |      |      |  7 1 |  8 1 |  9 1 |      |  3 0 3| 5| 4|12789
     |      |  3 1 |  4 2 |  5 1 |  6 1 |      |      |      |  0 1 |  1 4 1| 5| 0|34560
     |  2 1 |  3 2 |  4 2 |      |      |  7 1 |      |      |      |  3 2 1| 4| 2|2347
 1 2 |      |  3 1 |      |  5 1 |      |      |      |  9 1 |  0 1 |  3 1 2| 5| 1|13590
 1 1 |  2 1 |  3 1 |  4 1 |  5 1 |  6 1 |      |      |      |      |  3 3 0| 6| 3|123456
 1 2 |  2 1 |      |      |      |  6 1 |  7 1 |  8 1 |      |      |  3 1 2| 5| 3|12678
     |  2 1 |  3 1 |      |  5 2 |      |      |  8 1 |      |  0 1 |  2 2 2| 5| 2|23580
     |  2 1 |  3 1 |  4 2 |  5 1 |      |      |      |  9 1 |      |  2 3 1| 5| 3|23459
 1 1 |      |  3 1 |  4 1 |      |      |  7 1 |  8 1 |  9 1 |      |  2 1 3| 6| 3|134789
 1 1 |  2 2 |      |  4 1 |      |      |      |      |  9 2 |      |  3 1 2| 4| 3|1249
 1 1 |  2 2 |      |      |      |      |  7 1 |  8 1 |      |  0 1 |  3 0 3| 5| 2|12780
 1 1 |  2 1 |      |      |      |      |      |  8 1 |  9 2 |  0 1 |  2 0 4| 5| 4|12890
     |      |      |  4 1 |  5 1 |  6 2 |  7 1 |      |  9 1 |      |  0 4 2| 5| 1|45679
     |  2 1 |  3 1 |      |      |  6 2 |  7 2 |      |      |      |  2 2 2| 4| 2|2367
     |  2 1 |  3 2 |      |  5 1 |  6 1 |  7 1 |      |      |      |  3 2 1| 5| 4|23567
 1 1 |      |  3 1 |  4 1 |      |  6 1 |      |      |  9 1 |  0 1 |  2 2 2| 6| 2|134690
     |      |  3 2 |      |  5 1 |      |      |  8 1 |  9 1 |  0 1 |  2 1 3| 5| 3|35890
 1 1 |  2 1 |      |  4 1 |      |  6 1 |  7 1 |      |  9 1 |      |  2 2 2| 6| 1|124679
 1 2 |      |      |  4 1 |  5 1 |      |      |      |  9 1 |  0 1 |  2 2 2| 5| 3|14590
 1 1 |  2 1 |      |  4 1 |      |      |      |      |  9 2 |  0 1 |  2 1 3| 5| 4|12490
 1 2 |      |      |      |      |      |      |  8 2 |  9 1 |  0 1 |  2 0 4| 4| 3|1890
 1 1 |  2 2 |  3 1 |  4 1 |      |      |      |  8 1 |      |      |  4 1 1| 5| 2|12348
     |  2 2 |  3 2 |  4 1 |  5 1 |      |      |      |      |      |  4 2 0| 4| 3|2345
     |  2 1 |  3 2 |      |  5 2 |      |      |  8 1 |      |      |  3 2 1| 4| 3|2358
     |      |  3 2 |  4 1 |  5 2 |      |      |  8 1 |      |      |  2 3 1| 4| 3|3458
 1 1 |  2 1 |      |  4 1 |      |      |  7 2 |  8 1 |      |      |  2 1 3| 5| 2|12478
     |      |      |  4 1 |  5 2 |  6 2 |      |      |  9 1 |      |  0 5 1| 4| 1|4569
 1 2 |  2 1 |  3 1 |      |      |      |  7 1 |  8 1 |      |      |  4 0 2| 5| 0|12378
     |  2 2 |      |      |  5 1 |  6 1 |      |      |  9 2 |      |  2 2 2| 4| 1|2569
     |  2 1 |  3 1 |  4 1 |  5 1 |      |      |  8 1 |      |  0 1 |  2 2 2| 6| 2|234580
 1 1 |  2 1 |      |      |  5 2 |      |  7 1 |  8 1 |      |      |  2 2 2| 5| 3|12578
 1 1 |      |  3 1 |      |      |  6 1 |  7 2 |  8 1 |      |      |  2 1 3| 5| 3|13678
     |  2 2 |  3 1 |  4 1 |      |      |  7 1 |      |  9 1 |      |  3 1 2| 5| 2|23479
     |  2 1 |      |      |  5 2 |      |  7 1 |      |  9 1 |  0 1 |  1 2 3| 5| 3|25790
 1 1 |      |      |      |      |      |  7 1 |  8 1 |  9 3 |      |  1 0 5| 4| 2|1789
     |  2 3 |      |  4 1 |  5 1 |      |  7 1 |      |      |      |  3 2 1| 4| 1|2457
 1 1 |  2 1 |  3 2 |      |      |      |  7 1 |      |  9 1 |      |  4 0 2| 5| 2|12379
 1 1 |  2 1 |  3 1 |      |      |  6 1 |      |      |      |  0 2 |  3 1 2| 5| 3|12360
 1 2 |      |  3 2 |      |      |  6 1 |      |      |      |  0 1 |  4 1 1| 4| 4|1360
 1 1 |  2 1 |  3 1 |      |      |      |  7 1 |      |  9 2 |      |  3 0 3| 5| 2|12379
     |  2 1 |  3 1 |      |      |  6 1 |  7 1 |  8 1 |      |  0 1 |  2 1 3| 6| 3|236780
     |  2 2 |      |      |  5 1 |      |      |  8 1 |  9 2 |      |  2 1 3| 4| 2|2589
     |  2 1 |  3 1 |      |  5 1 |  6 1 |  7 1 |      |  9 1 |      |  2 2 2| 6| 3|235679
     |  2 2 |      |      |      |  6 1 |  7 2 |  8 1 |      |      |  2 1 3| 4| 3|2678
     |      |      |  4 1 |  5 2 |  6 1 |  7 1 |      |      |  0 1 |  0 4 2| 5| 2|45670
     |  2 1 |      |  4 2 |      |      |  7 1 |  8 1 |  9 1 |      |  1 2 3| 5| 2|24789
     |  2 1 |      |  4 1 |  5 1 |  6 1 |      |      |  9 1 |  0 1 |  1 3 2| 6| 3|245690
 1 1 |      |  3 2 |      |  5 1 |  6 1 |      |      |  9 1 |      |  3 2 1| 5| 3|13569
 1 1 |      |  3 1 |      |  5 1 |  6 1 |      |      |  9 1 |  0 1 |  2 2 2| 6| 5|135690
 1 2 |  2 1 |  3 1 |      |      |      |      |      |  9 2 |      |  4 0 2| 4| 3|1239
     |  2 2 |      |  4 2 |      |      |      |      |      |  0 2 |  2 2 2| 3| 1|240
     |  2 2 |  3 2 |      |      |  6 1 |      |  8 1 |      |      |  4 1 1| 4| 1|2368
 1 1 |      |  3 1 |  4 1 |      |  6 2 |      |      |  9 1 |      |  2 3 1| 5| 2|13469
     |      |      |  4 2 |      |  6 1 |  7 2 |      |      |  0 1 |  0 3 3| 4| 2|4670
     |      |      |      |      |      |      |      |      |      | 
 52  |  68  |  75  |  73  |  59  |  54  |  50  |  56  |  46  |  67  | 
