13088 09152021222414
13089 04081219212513
1309002051123242908
1309104142425283110
1309207111521263106
1309301020826293114
1309402041418202207
1309501061519282910
1309601022228293015
13097 05 14 17 22 23 25 07 
13098 07 15 18 19 20 26 14 
13099 05 11 20 21 26 31 03 
13100 04 08 11 14 16 20 11
13101 05 07 09 23 27 32 01 
13102 02 04 05 06 08 16 03
13103 02 04 09 13 18 20 07
13104 01 02 04 15 17 28 11
13105 01 11 23 27 31 32 09
13106 09 11 23 30 31 32 06
13107 07 09 11 17 28 31 11 
13108 16 21 22 28 31 32 05
13109 09 23 24 27 29 32 08 
13110 15 17 18 21 29 32 13 
13111 01 02 03 06 08 33 13 
13112 01 06 12 13 22 31 07 
13113 04 07 11 17 24 33 09 
13114 04 06 17 21 23 33 07 
13115 03 12 16 17 18 27 08 
13116 12 15 21 26 32 33 07 
13117 09 12 13 24 27 33 16
13118 02 03 17 22 32 33 16
13119 05 15 20 22 26 32 09 
13120 05 06 13 18 23 31 11 
13121 04 05 06 07 25 27 07 
13122 07 10 13 15 26 27 11 
13123 01 02 06 11 17 25 02 
13124 03 09 15 23 25 30 07 
13125 04 06 08 18 25 28 16
13126 04 10 19 27 31 33 16
13127 02 03 13 20 22 33 14 
13128 07 13 17 19 25 31 08 
13129 05 06 10 14 27 31 14
13130 01 03 15 16 31 33 08
13131 04 06 12 17 19 26 09
13032 20 21 22 23 25 27 12
13133 04 07 12 19 22 25 01 
13134 01 17 18 19 25 29 10 
13135 09 23 24 25 29 31 12 
13136 04 06 14 16 18 26 06