13060 05 07 10 13 19 20 15 
13061 05 06 07 12 13 18 12
13062 01 06 07 19 22 27 02 
13063 10 15 18 20 23 31 12 
13064 01 09 13 22 25 32 12 
13065 07 18 19 23 29 30 02 
13066 01 03 16 17 20 32 07 
13067 01 04 09 15 22 30 06 
13068 02 07 13 20 25 27 06 
13069 07 16 17 18 30 33 06 
13070 02 03 09 10 29 30 06
13072 02 08 11 14 19 33 09
13073 02 09 13 17 20 28 11
13074 03 06 08 14 19 32 03
13075 04 06 09 25 30 33 14
13076 14 23 24 26 29 30 03
13077 03 05 17 18 26 27 15
13078 03 05 17 18 26 27 15 
13079 07 13 17 19 22 26 13 
13080 10 11 12 23 28 32 16
13081 01 04 10 13 21 31 13 
13082 04 13 14 20 22 30 06 
13083 05 06 12 14 19 23 09 
13084 05 07 09 11 20 21 03 
13085 02 08 12 14 16 32 16
13086 02 04 11 13 16 26 11 
13087 02 13 19 23 24 28 05
13088 09152021222414
13089 04081219212513
1309002051123242908
1309104142425283110
1309207111521263106
1309301020826293114
1309402041418202207
1309501061519282910
1309601022228293015
13097 05 14 17 22 23 25 07 
13098 07 15 18 19 20 26 14 
13099 05 11 20 21 26 31 03 
13100 04 08 11 14 16 20 11
13101 05 07 09 23 27 32 01 
13102 02 04 05 06 08 16 03
13103 02 04 09 13 18 20 07
13104 01 02 04 15 17 28 11
13105 01 11 23 27 31 32 09
13106 09 11 23 30 31 32 06
13107 07 09 11 17 28 31 11 
13108 16 21 22 28 31 32 05
13109 09 23 24 27 29 32 08 
13110 15 17 18 21 29 32 13 
13111 01 02 03 06 08 33 13 
13112 01 06 12 13 22 31 07 
13113 04 07 11 17 24 33 09 
13114 04 06 17 21 23 33 07 
13115 03 12 16 17 18 27 08 
13116 12 15 21 26 32 33 07 
13117 09 12 13 24 27 33 16
13118 02 03 17 22 32 33 16